4 0.394141 0.661806 0.107031 0.140278
4 0.516406 0.662500 0.104687 0.133333
4 0.638672 0.661806 0.085156 0.143056
4 0.742188 0.661111 0.082813 0.161111
4 0.830469 0.640972 0.068750 0.145833
4 0.901172 0.618056 0.052344 0.133333
4 0.953906 0.602778 0.037500 0.122222
4 0.282422 0.653472 0.102344 0.156944
4 0.185156 0.641667 0.084375 0.152778
4 0.110937 0.618056 0.062500 0.130556
4 0.390625 0.422222 0.057813 0.091667
4 0.511719 0.422222 0.054688 0.080556
4 0.635547 0.420139 0.055469 0.084722
4 0.738281 0.425694 0.048437 0.079167
4 0.823438 0.414583 0.048437 0.076389
4 0.278125 0.418056 0.056250 0.091667
4 0.188281 0.415278 0.054688 0.094444
4 0.125000 0.418750 0.062500 0.093056
