4 0.327734 0.822917 0.157031 0.184722
4 0.481641 0.731944 0.133594 0.138889
4 0.612500 0.677778 0.120312 0.141667
4 0.735156 0.614583 0.103125 0.129167
4 0.830469 0.561111 0.089062 0.127778
4 0.927734 0.520139 0.074219 0.129167
4 0.267188 0.448611 0.090625 0.088889
4 0.444141 0.390278 0.080469 0.086111
4 0.611719 0.338889 0.068750 0.091667
4 0.334766 0.337500 0.071094 0.088889
4 0.171875 0.388889 0.084375 0.111111
4 0.078125 0.335417 0.071875 0.084722
4 0.747656 0.304861 0.059375 0.098611
4 0.235156 0.286111 0.065625 0.072222
