4 0.276953 0.850000 0.097656 0.119444
4 0.464453 0.916667 0.102344 0.116667
4 0.505469 0.287500 0.056250 0.080556
4 0.842969 0.922222 0.056250 0.091667
4 0.901953 0.919444 0.050781 0.088889
4 0.959375 0.911806 0.057813 0.062500
4 0.912109 0.603472 0.044531 0.087500
4 0.842188 0.474306 0.051562 0.081944
4 0.550391 0.684722 0.041406 0.066667
4 0.389844 0.233333 0.092188 0.113889
4 0.055859 0.129167 0.099219 0.150000
4 0.486719 0.107639 0.081250 0.098611
4 0.699609 0.113194 0.091406 0.134722
4 0.975781 0.220833 0.048437 0.125000
4 0.885156 0.819444 0.053125 0.066667
