4 0.671875 0.479167 0.043750 0.122222
4 0.542578 0.766667 0.130469 0.219444
4 0.387891 0.811806 0.066406 0.109722
4 0.289844 0.815278 0.060938 0.119444
4 0.194922 0.802083 0.071094 0.148611
4 0.160547 0.521528 0.053906 0.104167
4 0.263672 0.569444 0.044531 0.066667
4 0.380469 0.649306 0.067188 0.112500
4 0.444922 0.810417 0.049219 0.109722
4 0.336719 0.823611 0.035937 0.116667
4 0.436719 0.565278 0.032812 0.066667
4 0.483203 0.567361 0.036719 0.051389
4 0.575000 0.522917 0.035937 0.051389
4 0.337109 0.309028 0.080469 0.126389
4 0.493359 0.293056 0.053906 0.138889
4 0.339063 0.084722 0.101563 0.144444
4 0.213672 0.334722 0.027344 0.063889
4 0.321094 0.575694 0.031250 0.068056
4 0.677734 0.273611 0.028906 0.063889
4 0.080859 0.067361 0.100781 0.120833
