1 0.579687 0.616667 0.164063 0.166667
1 0.171875 0.645139 0.160938 0.123611
1 0.585938 0.875694 0.051562 0.231944
1 0.526172 0.885417 0.030469 0.212500
1 0.172656 0.788889 0.043750 0.100000
1 0.130078 0.777083 0.017969 0.090278
1 0.213672 0.752083 0.027344 0.059722
1 0.878906 0.816667 0.032812 0.119444
1 0.846875 0.783333 0.026563 0.091667
1 0.926562 0.802083 0.028125 0.073611
1 0.905859 0.215278 0.171094 0.100000
1 0.684766 0.353472 0.042969 0.106944
1 0.567969 0.498611 0.014062 0.055556
1 0.232812 0.263889 0.035937 0.052778
1 0.228125 0.179167 0.021875 0.022222
1 0.407422 0.293056 0.032031 0.044444
1 0.398438 0.524306 0.020312 0.043056
1 0.412500 0.223611 0.017188 0.016667
1 0.362891 0.519444 0.028906 0.030556
1 0.357812 0.450694 0.015625 0.012500
1 0.482031 0.434722 0.012500 0.044444
