1 0.446875 0.346528 0.054688 0.073611
1 0.439063 0.678472 0.092188 0.262500
1 0.548047 0.690972 0.094531 0.256944
1 0.653516 0.693750 0.083594 0.245833
1 0.765234 0.690278 0.105469 0.261111
1 0.898047 0.708333 0.105469 0.275000
1 0.884766 0.313889 0.057031 0.077778
1 0.756250 0.328472 0.054688 0.070833
1 0.645703 0.340278 0.063281 0.063889
1 0.544922 0.348611 0.053906 0.055556
1 0.354688 0.358333 0.046875 0.047222
1 0.345703 0.686111 0.069531 0.230556
1 0.258203 0.681944 0.080469 0.238889
1 0.262109 0.361806 0.046094 0.045833
1 0.177344 0.366667 0.050000 0.058333
1 0.167969 0.665972 0.067188 0.226389
1 0.095312 0.659028 0.071875 0.215278
1 0.103125 0.377778 0.050000 0.044444
