0 0.090234 0.275694 0.147656 0.390278
0 0.241406 0.275000 0.134375 0.383333
0 0.393750 0.277083 0.139062 0.384722
0 0.103125 0.796528 0.135937 0.359722
0 0.247266 0.791667 0.127344 0.350000
0 0.383203 0.784028 0.127344 0.340278
0 0.670703 0.398611 0.077344 0.305556
0 0.607422 0.397222 0.052344 0.225000
3 0.556641 0.356944 0.052344 0.136111
0 0.594531 0.714583 0.057813 0.229167
0 0.646094 0.786111 0.043750 0.280556
8 0.772266 0.323611 0.113281 0.208333
8 0.935938 0.284722 0.128125 0.283333
8 0.779688 0.852083 0.154687 0.259722
8 0.924219 0.913194 0.151562 0.173611
