5 0.510547 0.788889 0.646094 0.272222
5 0.440234 0.358333 0.058594 0.069444
5 0.505078 0.358333 0.055469 0.075000
5 0.568750 0.357639 0.056250 0.079167
5 0.631641 0.357639 0.053906 0.087500
5 0.375391 0.359028 0.050781 0.093056
5 0.377344 0.490972 0.057813 0.093056
5 0.444141 0.489583 0.058594 0.093056
5 0.507031 0.490278 0.053125 0.091667
5 0.570313 0.484722 0.054688 0.094444
5 0.631250 0.487500 0.054688 0.100000
5 0.697656 0.490278 0.059375 0.091667
5 0.762500 0.487500 0.059375 0.100000
5 0.312109 0.491667 0.058594 0.091667
5 0.250781 0.493056 0.053125 0.091667
5 0.185937 0.488889 0.057813 0.097222
5 0.123047 0.492361 0.060156 0.090278
5 0.057031 0.494444 0.062500 0.086111
