4 0.042188 0.540972 0.084375 0.112500
4 0.130859 0.556944 0.088281 0.130556
4 0.239063 0.566667 0.101563 0.130556
4 0.353516 0.577083 0.097656 0.120833
4 0.492969 0.583333 0.118750 0.127778
4 0.641016 0.608333 0.132031 0.147222
4 0.795703 0.624306 0.139844 0.154167
4 0.945313 0.643750 0.109375 0.162500
4 0.987891 0.291667 0.024219 0.052778
4 0.825000 0.308333 0.065625 0.075000
4 0.658203 0.298611 0.058594 0.077778
4 0.501953 0.293056 0.064844 0.075000
4 0.366016 0.298611 0.069531 0.069444
4 0.246875 0.300694 0.064062 0.065278
4 0.131250 0.295833 0.064062 0.075000
4 0.031641 0.297917 0.058594 0.068056
