6 0.501953 0.748611 0.099219 0.108333
6 0.364062 0.722917 0.084375 0.104167
6 0.244141 0.690972 0.077344 0.101389
6 0.130859 0.670139 0.069531 0.090278
6 0.644922 0.722917 0.071094 0.095833
6 0.769141 0.690278 0.082031 0.097222
6 0.867188 0.662500 0.060938 0.094444
6 0.862891 0.313889 0.058594 0.058333
6 0.754297 0.291667 0.069531 0.069444
6 0.637500 0.272222 0.082813 0.080556
6 0.505859 0.247222 0.096094 0.080556
6 0.371484 0.268750 0.088281 0.087500
6 0.246484 0.294444 0.069531 0.075000
6 0.140234 0.315278 0.067969 0.063889
