1 0.379297 0.276389 0.060156 0.058333
1 0.308984 0.282639 0.055469 0.059722
1 0.235547 0.288194 0.049219 0.059722
1 0.173438 0.295833 0.043750 0.052778
1 0.380078 0.568056 0.086719 0.097222
1 0.385156 0.729861 0.110937 0.120833
1 0.789453 0.617361 0.139844 0.145833
1 0.303125 0.571528 0.060938 0.090278
1 0.230859 0.590278 0.053906 0.161111
1 0.180469 0.668750 0.034375 0.087500
1 0.186719 0.506250 0.017188 0.037500
1 0.908984 0.520139 0.075781 0.087500
1 0.907422 0.397917 0.088281 0.065278
1 0.905859 0.647917 0.075781 0.093056
1 0.809766 0.359028 0.042969 0.062500
1 0.738281 0.349306 0.053125 0.070833
1 0.575000 0.322222 0.048437 0.055556
