4 0.057813 0.152083 0.071875 0.087500
4 0.142969 0.152778 0.073437 0.094444
4 0.226563 0.161806 0.076563 0.112500
4 0.339453 0.134028 0.075781 0.098611
4 0.493750 0.139583 0.103125 0.115278
4 0.694922 0.134722 0.124219 0.130556
4 0.934766 0.115972 0.130469 0.154167
4 0.894922 0.837500 0.210156 0.325000
4 0.675781 0.755556 0.214062 0.302778
4 0.482031 0.659722 0.165625 0.230556
4 0.324219 0.595139 0.137500 0.198611
4 0.202734 0.547917 0.099219 0.170833
4 0.113281 0.515972 0.071875 0.156944
4 0.037500 0.488194 0.075000 0.151389
