6 0.635938 0.268056 0.078125 0.091667
6 0.755469 0.294444 0.071875 0.075000
6 0.865625 0.315278 0.070313 0.069444
6 0.509375 0.237500 0.100000 0.086111
6 0.369922 0.263889 0.085156 0.088889
6 0.242969 0.288889 0.079687 0.088889
6 0.139453 0.313194 0.078906 0.076389
6 0.131250 0.664583 0.068750 0.090278
6 0.363281 0.727778 0.089062 0.113889
6 0.504297 0.752778 0.110156 0.125000
6 0.240625 0.688194 0.081250 0.087500
6 0.644531 0.723611 0.085938 0.097222
6 0.765234 0.692361 0.077344 0.093056
6 0.865234 0.661111 0.064844 0.094444
