5 0.068359 0.554861 0.066406 0.170833
5 0.151172 0.570833 0.063281 0.183333
5 0.213672 0.583333 0.057031 0.186111
5 0.358203 0.575000 0.055469 0.161111
5 0.482031 0.586806 0.064062 0.162500
9 0.545703 0.089583 0.036719 0.120833
9 0.580078 0.094444 0.030469 0.116667
9 0.678906 0.076389 0.054688 0.108333
9 0.744531 0.088889 0.067188 0.127778
9 0.867188 0.110417 0.067188 0.098611
7 0.463672 0.839583 0.077344 0.079167
7 0.643359 0.843750 0.074219 0.073611
7 0.783984 0.904861 0.071094 0.084722
7 0.910937 0.890972 0.050000 0.070833
