3 0.571094 0.170139 0.048437 0.104167
3 0.618359 0.175694 0.060156 0.126389
3 0.694922 0.173611 0.050781 0.119444
3 0.795703 0.171528 0.089844 0.134722
3 0.869141 0.154861 0.072656 0.129167
3 0.957422 0.136806 0.080469 0.137500
8 0.822656 0.738889 0.103125 0.141667
8 0.918750 0.728472 0.071875 0.143056
0 0.188281 0.166667 0.076563 0.166667
0 0.255859 0.206250 0.055469 0.148611
0 0.315625 0.213194 0.064062 0.151389
0 0.381250 0.208333 0.046875 0.150000
0 0.121875 0.188194 0.031250 0.173611
0 0.020703 0.181944 0.041406 0.172222
8 0.601172 0.754167 0.052344 0.144444
