4 0.341016 0.792361 0.080469 0.065278
4 0.432813 0.804861 0.065625 0.098611
4 0.522266 0.796528 0.083594 0.090278
4 0.610156 0.797917 0.067188 0.081944
4 0.319922 0.629167 0.074219 0.100000
4 0.398047 0.651389 0.078906 0.100000
4 0.553906 0.658333 0.087500 0.097222
4 0.726953 0.729861 0.085156 0.098611
4 0.410937 0.383333 0.140625 0.108333
4 0.164063 0.313889 0.067188 0.080556
4 0.273828 0.322222 0.058594 0.086111
4 0.248828 0.791667 0.097656 0.102778
4 0.864453 0.363194 0.063281 0.087500
4 0.730469 0.367361 0.070313 0.090278
4 0.590625 0.149306 0.101563 0.098611
4 0.312500 0.156944 0.100000 0.102778
4 0.048828 0.164583 0.097656 0.109722
4 0.160547 0.043750 0.100781 0.065278
4 0.724219 0.056250 0.135937 0.093056
4 0.445703 0.045139 0.121094 0.065278
4 0.967969 0.057639 0.064062 0.093056
4 0.825391 0.722222 0.082031 0.097222
4 0.192969 0.586111 0.059375 0.052778
4 0.051953 0.375000 0.103906 0.113889
4 0.733594 0.576389 0.042188 0.061111
